	amplitude1	peak center1	fwhm1	amplitude2	peak center2	fwhm2
amplitude1	1.002461148367744e-05	0.0001518678733024325	0.00812264246535394	-6.596735839478188e-06	-0.018134685404819717	-0.005103101573809051
peak center1	0.0001518678733024325	1.2800149450060752	-0.047891654726410715	0.0006311304472379327	-1.21484776777806	-4.84561287267591
fwhm1	0.00812264246535394	-0.047891654726410715	14.174860334795715	-0.007631614633348469	-18.869212165862304	-4.777108410687122
amplitude2	-6.596735839478188e-06	0.0006311304472379327	-0.007631614633348469	5.958190342034789e-06	0.012639682845016863	-0.0011421321901611563
peak center2	-0.018134685404819717	-1.21484776777806	-18.869212165862304	0.012639682845016863	40.462474086308575	14.691242874856357
fwhm2	-0.005103101573809051	-4.84561287267591	-4.777108410687122	-0.0011421321901611563	14.691242874856357	45.258897054241956
