amplitude1	peak center1	fwhm1	amplitude2	peak center2	fwhm2
1.002461146868852620e-05	1.518678719825125372e-04	8.122642439779063223e-03	-6.596735819282213910e-06	-1.813468535621384076e-02	-5.103101574067680189e-03
1.518678719825125372e-04	1.280014945304917440e+00	-4.789165991606109812e-02	6.311304491537312808e-04	-1.214847758860930327e+00	-4.845612870763543967e+00
8.122642439779063223e-03	-4.789165991606109812e-02	1.417486029119687529e+01	-7.631614604647528333e-03	-1.886921208745885892e+01	-4.777108363917418998e+00
-6.596735819282213910e-06	6.311304491537312808e-04	-7.631614604647528333e-03	5.958190321031236793e-06	1.263968279495625638e-02	-1.142132200317294566e-03
-1.813468535621384076e-02	-1.214847758860930327e+00	-1.886921208745885892e+01	1.263968279495625638e-02	4.046247393670449810e+01	1.469124279911795306e+01
-5.103101574067680189e-03	-4.845612870763543967e+00	-4.777108363917418998e+00	-1.142132200317294566e-03	1.469124279911795306e+01	4.525889698779688786e+01
