	amplitude1	peak center1	fwhm1	amplitude2	peak center2	fwhm2
amplitude1	4.641300060554059e-06	0.00011884026065377085	0.0032931662470462473	-2.5870461682533265e-06	-0.009509731295441094	-0.006012832666651567
peak center1	0.00011884026065377085	0.3299185992683772	0.0038089453198045763	0.00016715420438040822	-0.40384628697425756	-1.5624164910279885
fwhm1	0.0032931662470462473	0.0038089453198045763	4.320276979141231	-0.002492869894835587	-8.144660961738957	-4.587269915545475
amplitude2	-2.5870461682533265e-06	0.00016715420438040822	-0.002492869894835587	1.9883899471909534e-06	0.005625133737268198	0.001785586106301441
peak center2	-0.009509731295441094	-0.40384628697425756	-8.144660961738957	0.005625133737268198	22.264892823305146	13.913089907997014
fwhm2	-0.006012832666651567	-1.5624164910279885	-4.587269915545475	0.001785586106301441	13.913089907997014	23.10555889085604
