	amplitude1	peak center1	fwhm1	amplitude2	peak center2	fwhm2
amplitude1	5.3134269433905125e-06	0.00013219416375989703	0.003937724950982335	-3.126940836966247e-06	-0.010467154317519333	-0.005728883197792563
peak center1	0.00013219416375989703	0.4416788591373177	0.0011198463988078317	0.00022035974116238645	-0.5091515484216521	-1.9534045848319328
fwhm1	0.003937724950982335	0.0011198463988078317	5.5070495310118055	-0.003155887357982289	-9.41811554316873	-4.577597284253173
amplitude2	-3.126940836966247e-06	0.00022035974116238645	-0.003155887357982289	2.512319137700551e-06	0.00650734258573174	0.0014572782449394704
peak center2	-0.010467154317519333	-0.5091515484216521	-9.41811554316873	0.00650734258573174	23.82123976903583	13.290263228884257
fwhm2	-0.005728883197792563	-1.9534045848319328	-4.577597284253173	0.0014572782449394704	13.290263228884257	24.318481943186402
