amplitude1	peak center1	fwhm1	amplitude2	peak center2	fwhm2
5.313426969050591290e-06	1.321941752532511762e-04	3.937724966453611669e-03	-3.126940848414807307e-06	-1.046715435743266441e-02	-5.728883221428246117e-03
1.321941752532511762e-04	4.416788599894008183e-01	1.119858427044510699e-03	2.203597338235650327e-04	-5.091515735909425411e-01	-1.953404603194814904e+00
3.937724966453611669e-03	1.119858427044510699e-03	5.507049534266107216e+00	-3.155887364184634721e-03	-9.418115560812463372e+00	-4.577597282356812514e+00
-3.126940848414807307e-06	2.203597338235650327e-04	-3.155887364184634721e-03	2.512319143413583055e-06	6.507342601647697101e-03	1.457278245636074634e-03
-1.046715435743266441e-02	-5.091515735909425411e-01	-9.418115560812463372e+00	6.507342601647697101e-03	2.382123982334081447e+01	1.329026325751297222e+01
-5.728883221428246117e-03	-1.953404603194814904e+00	-4.577597282356812514e+00	1.457278245636074634e-03	1.329026325751297222e+01	2.431848200418729178e+01
