amplitude1	peak center1	fwhm1	amplitude2	peak center2	fwhm2
4.787272123032612976e-06	1.224930984765872034e-04	3.284094893701676888e-03	-2.583058997681408900e-06	-1.013468511482133738e-02	-6.804259008916682498e-03
1.224930984765872034e-04	3.145552704528826737e-01	5.964450062668210512e-03	1.618991640988157155e-04	-4.027310598901326921e-01	-1.573656127462417453e+00
3.284094893701676888e-03	5.964450062668210512e-03	4.194295689024507112e+00	-2.425340126824279165e-03	-8.435821654219257226e+00	-5.051318668936883860e+00
-2.583058997681408900e-06	1.618991640988157155e-04	-2.425340126824279165e-03	1.949808264787935740e-06	5.834848071635670604e-03	2.059880184452558740e-03
-1.013468511482133738e-02	-4.027310598901326921e-01	-8.435821654219257226e+00	5.834848071635670604e-03	2.452641539925529912e+01	1.607726321440505401e+01
-6.804259008916682498e-03	-1.573656127462417453e+00	-5.051318668936883860e+00	2.059880184452558740e-03	1.607726321440505401e+01	2.610425639049963920e+01
