amplitude1	peak center1	fwhm1	amplitude2	peak center2	fwhm2
1.622575292206384918e-05	-1.043837938660435743e-04	1.349508252051894938e-02	-1.144926909483169204e-05	-2.709925570372902215e-02	2.040749551166172720e-03
-1.043837938660435743e-04	2.984362098281885700e+00	-2.674824257516827397e-01	1.452081965454925022e-03	-2.420119358712299551e+00	-1.019593438845199529e+01
1.349508252051894938e-02	-2.674824257516827397e-01	3.058938441443267564e+01	-1.504966186546985961e-02	-3.250515282133390116e+01	1.470128227071895832e+00
-1.144926909483169204e-05	1.452081965454925022e-03	-1.504966186546985961e-02	1.144964162128629007e-05	2.077211281815009858e-02	-1.068432950282785857e-02
-2.709925570372902215e-02	-2.420119358712299551e+00	-3.250515282133390116e+01	2.077211281815009858e-02	6.344769052370378404e+01	8.989835987192083877e+00
2.040749551166172720e-03	-1.019593438845199529e+01	1.470128227071895832e+00	-1.068432950282785857e-02	8.989835987192083877e+00	9.288080452735918868e+01
