	amplitude1	peak center1	fwhm1	amplitude2	peak center2	fwhm2
amplitude1	4.9275353303438775e-06	0.00010612704239892272	0.0037781201001191754	-3.0617364524294143e-06	-0.009200821023377718	-0.004183043877507638
peak center1	0.00010612704239892272	0.46416750991581834	-0.0100811821923292	0.00023580704289114912	-0.4899168340173709	-1.9107710636738349
fwhm1	0.0037781201001191754	-0.0100811821923292	5.54820673622876	-0.003194466234434271	-8.596589150749447	-3.4718712869661346
amplitude2	-3.0617364524294143e-06	0.00023580704289114912	-0.003194466234434271	2.563382800046942e-06	0.006004752435025984	0.0007513715568919409
peak center2	-0.009200821023377718	-0.4899168340173709	-8.596589150749447	0.006004752435025984	20.074573070617433	9.787471178686772
fwhm2	-0.004183043877507638	-1.9107710636738349	-3.4718712869661346	0.0007513715568919409	9.787471178686772	20.36993478272022
