	amplitude1	peak center1	fwhm1	amplitude2	peak center2	fwhm2
amplitude1	5.313426969050591e-06	0.00013219417525325118	0.003937724966453612	-3.1269408484148073e-06	-0.010467154357432664	-0.005728883221428246
peak center1	0.00013219417525325118	0.4416788599894008	0.0011198584270445107	0.00022035973382356503	-0.5091515735909425	-1.953404603194815
fwhm1	0.003937724966453612	0.0011198584270445107	5.507049534266107	-0.0031558873641846347	-9.418115560812463	-4.5775972823568125
amplitude2	-3.1269408484148073e-06	0.00022035973382356503	-0.0031558873641846347	2.512319143413583e-06	0.006507342601647697	0.0014572782456360746
peak center2	-0.010467154357432664	-0.5091515735909425	-9.418115560812463	0.006507342601647697	23.821239823340814	13.290263257512972
fwhm2	-0.005728883221428246	-1.953404603194815	-4.5775972823568125	0.0014572782456360746	13.290263257512972	24.318482004187292
