	amplitude1	peak center1	fwhm1	amplitude2	peak center2	fwhm2
amplitude1	1.0024611468688526e-05	0.00015186787198251254	0.008122642439779063	-6.596735819282214e-06	-0.01813468535621384	-0.00510310157406768
peak center1	0.00015186787198251254	1.2800149453049174	-0.0478916599160611	0.0006311304491537313	-1.2148477588609303	-4.845612870763544
fwhm1	0.008122642439779063	-0.0478916599160611	14.174860291196875	-0.007631614604647528	-18.86921208745886	-4.777108363917419
amplitude2	-6.596735819282214e-06	0.0006311304491537313	-0.007631614604647528	5.958190321031237e-06	0.012639682794956256	-0.0011421322003172946
peak center2	-0.01813468535621384	-1.2148477588609303	-18.86921208745886	0.012639682794956256	40.4624739367045	14.691242799117953
fwhm2	-0.00510310157406768	-4.845612870763544	-4.777108363917419	-0.0011421322003172946	14.691242799117953	45.25889698779689
