	amplitude1	peak center1	fwhm1	amplitude2	peak center2	fwhm2
amplitude1	4.787272123032613e-06	0.0001224930984765872	0.003284094893701677	-2.583058997681409e-06	-0.010134685114821337	-0.0068042590089166825
peak center1	0.0001224930984765872	0.3145552704528827	0.0059644500626682105	0.00016189916409881572	-0.4027310598901327	-1.5736561274624175
fwhm1	0.003284094893701677	0.0059644500626682105	4.194295689024507	-0.002425340126824279	-8.435821654219257	-5.051318668936884
amplitude2	-2.583058997681409e-06	0.00016189916409881572	-0.002425340126824279	1.9498082647879357e-06	0.005834848071635671	0.0020598801844525587
peak center2	-0.010134685114821337	-0.4027310598901327	-8.435821654219257	0.005834848071635671	24.5264153992553	16.077263214405054
fwhm2	-0.0068042590089166825	-1.5736561274624175	-5.051318668936884	0.0020598801844525587	16.077263214405054	26.10425639049964
