	amplitude1	peak center1	fwhm1	amplitude2	peak center2	fwhm2
amplitude1	4.641300018228616e-06	0.00011884025428127875	0.00329316622771037	-2.5870461529426232e-06	-0.009509731213075393	-0.006012832583519195
peak center1	0.00011884025428127875	0.3299185998149365	0.0038089406075689464	0.00016715420863289983	-0.40384627467008327	-1.5624164850249085
fwhm1	0.00329316622771037	0.0038089406075689464	4.320276972795809	-0.0024928698901473204	-8.144660923853287	-4.587269876090207
amplitude2	-2.5870461529426232e-06	0.00016715420863289983	-0.0024928698901473204	1.9883899440436627e-06	0.0056251337076630836	0.0017855860710401478
peak center2	-0.009509731213075393	-0.40384627467008327	-8.144660923853287	0.0056251337076630836	22.264892662781243	13.913089753405727
fwhm2	-0.006012832583519195	-1.5624164850249085	-4.587269876090207	0.0017855860710401478	13.913089753405727	23.105558751889625
