amplitude1	peak center1	fwhm1	amplitude2	peak center2	fwhm2
4.927535330343877467e-06	1.061270423989227199e-04	3.778120100119175366e-03	-3.061736452429414297e-06	-9.200821023377717817e-03	-4.183043877507637738e-03
1.061270423989227199e-04	4.641675099158183437e-01	-1.008118219232920047e-02	2.358070428911491156e-04	-4.899168340173709058e-01	-1.910771063673834869e+00
3.778120100119175366e-03	-1.008118219232920047e-02	5.548206736228760150e+00	-3.194466234434271013e-03	-8.596589150749446517e+00	-3.471871286966134562e+00
-3.061736452429414297e-06	2.358070428911491156e-04	-3.194466234434271013e-03	2.563382800046941892e-06	6.004752435025984339e-03	7.513715568919408999e-04
-9.200821023377717817e-03	-4.899168340173709058e-01	-8.596589150749446517e+00	6.004752435025984339e-03	2.007457307061743279e+01	9.787471178686772078e+00
-4.183043877507637738e-03	-1.910771063673834869e+00	-3.471871286966134562e+00	7.513715568919408999e-04	9.787471178686772078e+00	2.036993478272022173e+01
