amplitude1	peak center1	fwhm1	amplitude2	peak center2	fwhm2
4.641300060554059222e-06	1.188402606537708456e-04	3.293166247046247323e-03	-2.587046168253326528e-06	-9.509731295441093898e-03	-6.012832666651567355e-03
1.188402606537708456e-04	3.299185992683771884e-01	3.808945319804576263e-03	1.671542043804082197e-04	-4.038462869742575623e-01	-1.562416491027988519e+00
3.293166247046247323e-03	3.808945319804576263e-03	4.320276979141230989e+00	-2.492869894835587127e-03	-8.144660961738956928e+00	-4.587269915545475030e+00
-2.587046168253326528e-06	1.671542043804082197e-04	-2.492869894835587127e-03	1.988389947190953360e-06	5.625133737268197924e-03	1.785586106301440988e-03
-9.509731295441093898e-03	-4.038462869742575623e-01	-8.144660961738956928e+00	5.625133737268197924e-03	2.226489282330514641e+01	1.391308990799701384e+01
-6.012832666651567355e-03	-1.562416491027988519e+00	-4.587269915545475030e+00	1.785586106301440988e-03	1.391308990799701384e+01	2.310555889085604164e+01
