	amplitude1	peak center1	fwhm1	amplitude2	peak center2	fwhm2
amplitude1	4.927535341753802e-06	0.00010612703682137708	0.0037781201156950085	-3.0617364636278057e-06	-0.009200821039831499	-0.004183043884130598
peak center1	0.00010612703682137708	0.46416751016266256	-0.010081189277924833	0.00023580704777036634	-0.489916821225108	-1.9107710602705186
fwhm1	0.0037781201156950085	-0.010081189277924833	5.548206760249989	-0.003194466250865867	-8.596589175589465	-3.4718712959082074
amplitude2	-3.0617364636278057e-06	0.00023580704777036634	-0.003194466250865867	2.5633828115566225e-06	0.006004752454246764	0.0007513715615757745
peak center2	-0.009200821039831499	-0.489916821225108	-8.596589175589465	0.006004752454246764	20.07457308850451	9.787471179767365
fwhm2	-0.004183043884130598	-1.9107710602705186	-3.4718712959082074	0.0007513715615757745	9.787471179767365	20.369934794837224
