	amplitude1	peak center1	fwhm1	amplitude2	peak center2	fwhm2
amplitude1	4.498215453023244e-06	-8.926509330209268e-05	0.0034061192977876205	-3.3227828088879587e-06	-0.006811377568519708	0.0017013426470077046
peak center1	-8.926509330209268e-05	0.6927813380924437	-0.10932829155319194	0.00040827752580419236	-0.5359718767897623	-2.472267893281187
fwhm1	0.0034061192977876205	-0.10932829155319194	7.057116997114449	-0.003943373051652969	-7.45902996117387	1.3923521049505092
amplitude2	-3.3227828088879587e-06	0.00040827752580419236	-0.003943373051652969	3.4025484996101923e-06	0.005435354778618598	-0.0037287554135728147
peak center2	-0.006811377568519708	-0.5359718767897623	-7.45902996117387	0.005435354778618598	14.896373488402212	0.5405025601442509
fwhm2	0.0017013426470077046	-2.472267893281187	1.3923521049505092	-0.0037287554135728147	0.5405025601442509	24.002066009609337
