	amplitude1	peak center1	fwhm1	amplitude2	peak center2	fwhm2
amplitude1	3.986516220236549e-06	4.600378360014525e-05	0.002779772140990651	-2.5590201746097613e-06	-0.007452787026432805	-0.0015819308661484354
peak center1	4.600378360014525e-05	0.4719372626505715	-0.013061088741576287	0.0002510252476469237	-0.49808716925744156	-2.040891570367007
fwhm1	0.002779772140990651	-0.013061088741576287	5.009371790980551	-0.002800313456503141	-7.309304472580129	-1.41655542295681
amplitude2	-2.5590201746097613e-06	0.0002510252476469237	-0.002800313456503141	2.409480214824339e-06	0.005233127523024714	-0.0011637114426475217
peak center2	-0.007452787026432805	-0.49808716925744156	-7.309304472580129	0.005233127523024714	18.37332080910965	5.747369697545453
fwhm2	-0.0015819308661484354	-2.040891570367007	-1.41655542295681	-0.0011637114426475217	5.747369697545453	23.422075720683523
