	amplitude1	peak center1	fwhm1	amplitude2	peak center2	fwhm2
amplitude1	4.498215486432773e-06	-8.926508692876813e-05	0.0034061193259161283	-3.3227828242105306e-06	-0.006811377621844576	0.0017013426449376927
peak center1	-8.926508692876813e-05	0.6927813374353726	-0.10932828347708921	0.00040827751951325226	-0.5359718896883953	-2.4722678913614375
fwhm1	0.0034061193259161283	-0.10932828347708921	7.057117028421022	-0.003943373064458096	-7.459030010836301	1.3923520970498504
amplitude2	-3.3227828242105306e-06	0.00040827751951325226	-0.003943373064458096	3.40254850162149e-06	0.00543535480243825	-0.0037287554030663943
peak center2	-0.006811377621844576	-0.5359718896883953	-7.459030010836301	0.00543535480243825	14.896373585650005	0.5405025889738703
fwhm2	0.0017013426449376927	-2.4722678913614375	1.3923520970498504	-0.0037287554030663943	0.5405025889738703	24.00206603909592
