	amplitude1	peak center1	fwhm1	amplitude2	peak center2	fwhm2
amplitude1	4.805096342916148e-06	-0.00011468345441451524	0.003661316238935121	-3.585034849874988e-06	-0.007151099618519996	0.0022905845039050666
peak center1	-0.00011468345441451524	0.7709634241512634	-0.1299452757443818	0.0004528960684779287	-0.5860772070003532	-2.712921257632547
fwhm1	0.003661316238935121	-0.1299452757443818	7.8292170897115465	-0.004325011348718338	-7.987739177839018	1.9531730179229756
amplitude2	-3.585034849874988e-06	0.0004528960684779287	-0.004325011348718338	3.7082398791434995e-06	0.005779791293180786	-0.00440275424329124
peak center2	-0.007151099618519996	-0.5860772070003532	-7.987739177839018	0.005779791293180786	15.709058459376052	-0.00653390251607577
fwhm2	0.0022905845039050666	-2.712921257632547	1.9531730179229756	-0.00440275424329124	-0.00653390251607577	26.639357122110518
