	amplitude1	peak center1	fwhm1	amplitude2	peak center2	fwhm2
amplitude1	4.805096358992391e-06	-0.00011468345675431787	0.0036613162503773638	-3.585034859956601e-06	-0.007151099626629411	0.002290584515323863
peak center1	-0.00011468345675431787	0.7709634238874188	-0.12994527653251547	0.000452896069605758	-0.5860772054856824	-2.712921253911043
fwhm1	0.0036613162503773638	-0.12994527653251547	7.829217081162128	-0.00432501134448391	-7.987739162660191	1.9531730152402205
amplitude2	-3.585034859956601e-06	0.000452896069605758	-0.00432501134448391	3.7082398798136987e-06	0.005779791285053837	-0.004402754244779508
peak center2	-0.007151099626629411	-0.5860772054856824	-7.987739162660191	0.005779791285053837	15.709058432311343	-0.006533899463705409
fwhm2	0.002290584515323863	-2.712921253911043	1.9531730152402205	-0.004402754244779508	-0.006533899463705409	26.63935706867832
