	amplitude1	peak center1	fwhm1	amplitude2	peak center2	fwhm2
amplitude1	6.328011698695995e-06	-0.00020839467207936068	0.004838978530287883	-4.821668453038723e-06	-0.008740326450936045	0.004276133441815393
peak center1	-0.00020839467207936068	1.0795572560021987	-0.21126188133455265	0.0006378920650364761	-0.7716724728105778	-3.6065203476206533
fwhm1	0.004838978530287883	-0.21126188133455265	10.930771645269045	-0.005957553869689269	-10.07813613037171	3.8599082202879997
amplitude2	-4.821668453038723e-06	0.0006378920650364761	-0.005957553869689269	5.0876923987511905e-06	0.007258334165714799	-0.006828294633897394
peak center2	-0.008740326450936045	-0.7716724728105778	-10.07813613037171	0.007258334165714799	18.745186829602382	-1.5878511711303551
fwhm2	0.004276133441815393	-3.6065203476206533	3.8599082202879997	-0.006828294633897394	-1.5878511711303551	35.820337445960966
