	amplitude1	peak center1	fwhm1	amplitude2	peak center2	fwhm2
amplitude1	3.986516246378892e-06	4.600378294309485e-05	0.0027797721472596166	-2.5590201813311567e-06	-0.00745278706138111	-0.001581930882531232
peak center1	4.600378294309485e-05	0.4719372633775147	-0.013061088936707358	0.000251025248977248	-0.49808716888174803	-2.040891577064987
fwhm1	0.0027797721472596166	-0.013061088936707358	5.0093717728695655	-0.00280031344525034	-7.309304462612835	-1.4165554381804744
amplitude2	-2.5590201813311567e-06	0.000251025248977248	-0.00280031344525034	2.4094802090913547e-06	0.005233127518970193	-0.001163711441341208
peak center2	-0.00745278706138111	-0.49808716888174803	-7.309304462612835	0.005233127518970193	18.37332084240639	5.747369734394623
fwhm2	-0.001581930882531232	-2.040891577064987	-1.4165554381804744	-0.001163711441341208	5.747369734394623	23.42207580124271
