amplitude1	peak center1	fwhm1	amplitude2	peak center2	fwhm2
4.805096358992391084e-06	-1.146834567543178663e-04	3.661316250377363770e-03	-3.585034859956600800e-06	-7.151099626629410858e-03	2.290584515323863032e-03
-1.146834567543178663e-04	7.709634238874187862e-01	-1.299452765325154746e-01	4.528960696057580016e-04	-5.860772054856824287e-01	-2.712921253911042996e+00
3.661316250377363770e-03	-1.299452765325154746e-01	7.829217081162127556e+00	-4.325011344483910281e-03	-7.987739162660190573e+00	1.953173015240220467e+00
-3.585034859956600800e-06	4.528960696057580016e-04	-4.325011344483910281e-03	3.708239879813698656e-06	5.779791285053836707e-03	-4.402754244779508337e-03
-7.151099626629410858e-03	-5.860772054856824287e-01	-7.987739162660190573e+00	5.779791285053836707e-03	1.570905843231134291e+01	-6.533899463705409270e-03
2.290584515323863032e-03	-2.712921253911042996e+00	1.953173015240220467e+00	-4.402754244779508337e-03	-6.533899463705409270e-03	2.663935706867831854e+01
