amplitude1	peak center1	fwhm1	amplitude2	peak center2	fwhm2
4.498215453023243879e-06	-8.926509330209267542e-05	3.406119297787620504e-03	-3.322782808887958695e-06	-6.811377568519708277e-03	1.701342647007704576e-03
-8.926509330209267542e-05	6.927813380924436881e-01	-1.093282915531919447e-01	4.082775258041923625e-04	-5.359718767897623248e-01	-2.472267893281186790e+00
3.406119297787620504e-03	-1.093282915531919447e-01	7.057116997114449397e+00	-3.943373051652969245e-03	-7.459029961173870404e+00	1.392352104950509206e+00
-3.322782808887958695e-06	4.082775258041923625e-04	-3.943373051652969245e-03	3.402548499610192258e-06	5.435354778618598295e-03	-3.728755413572814714e-03
-6.811377568519708277e-03	-5.359718767897623248e-01	-7.459029961173870404e+00	5.435354778618598295e-03	1.489637348840221165e+01	5.405025601442509098e-01
1.701342647007704576e-03	-2.472267893281186790e+00	1.392352104950509206e+00	-3.728755413572814714e-03	5.405025601442509098e-01	2.400206600960933656e+01
